9999 9999 9999
9999 9999 19998
9999 9999 29997
9999 9999 39996
9999 9999 49995
9999 9999 59994
9999 9999 69993
9999 9999 79992
9999 9999 89991
9999 9999 99990
9999 19998 19998
9999 19998 29997
9999 19998 39996
9999 19998 49995
9999 19998 59994
9999 19998 69993
9999 19998 79992
9999 19998 89991
9999 19998 99990
9999 29997 29997
9999 29997 39996
9999 29997 49995
9999 29997 59994
9999 29997 69993
9999 29997 79992
9999 29997 89991
9999 29997 99990
9999 39996 39996
9999 39996 49995
9999 39996 59994
9999 39996 69993
9999 39996 79992
9999 39996 89991
9999 39996 99990
9999 49995 49995
9999 49995 59994
9999 49995 69993
9999 49995 79992
9999 49995 89991
9999 49995 99990
9999 59994 59994
9999 59994 69993
9999 59994 79992
9999 59994 89991
9999 59994 99990
9999 69993 69993
9999 69993 79992
9999 69993 89991
9999 69993 99990
9999 79992 79992
9999 79992 89991
9999 79992 99990
9999 89991 89991
9999 89991 99990
9999 99990 99990
19998 19998 29997
19998 19998 49995
19998 19998 69993
19998 19998 89991
19998 29997 29997
19998 29997 39996
19998 29997 49995
19998 29997 59994
19998 29997 69993
19998 29997 79992
19998 29997 89991
19998 29997 99990
19998 39996 49995
19998 39996 69993
19998 39996 89991
19998 49995 49995
19998 49995 59994
19998 49995 69993
19998 49995 79992
19998 49995 89991
19998 49995 99990
19998 59994 69993
19998 59994 89991
19998 69993 69993
19998 69993 79992
19998 69993 89991
19998 69993 99990
19998 79992 89991
19998 89991 89991
19998 89991 99990
29997 29997 39996
29997 29997 49995
29997 29997 69993
29997 29997 79992
29997 29997 99990
29997 39996 39996
29997 39996 49995
29997 39996 59994
29997 39996 69993
29997 39996 79992
29997 39996 89991
29997 39996 99990
29997 49995 49995
29997 49995 59994
29997 49995 69993
29997 49995 79992
29997 49995 89991
29997 49995 99990
29997 59994 69993
29997 59994 79992
29997 59994 99990
29997 69993 69993
29997 69993 79992
29997 69993 89991
29997 69993 99990
29997 79992 79992
29997 79992 89991
29997 79992 99990
29997 89991 99990
29997 99990 99990
39996 39996 49995
39996 39996 69993
39996 39996 89991
39996 49995 49995
39996 49995 59994
39996 49995 69993
39996 49995 79992
39996 49995 89991
39996 49995 99990
39996 59994 69993
39996 59994 89991
39996 69993 69993
39996 69993 79992
39996 69993 89991
39996 69993 99990
39996 79992 89991
39996 89991 89991
39996 89991 99990
49995 49995 59994
49995 49995 69993
49995 49995 79992
49995 49995 89991
49995 59994 59994
49995 59994 69993
49995 59994 79992
49995 59994 89991
49995 59994 99990
49995 69993 69993
49995 69993 79992
49995 69993 89991
49995 69993 99990
49995 79992 79992
49995 79992 89991
49995 79992 99990
49995 89991 89991
49995 89991 99990
59994 59994 69993
59994 69993 69993
59994 69993 79992
59994 69993 89991
59994 69993 99990
59994 79992 89991
59994 89991 99990
69993 69993 79992
69993 69993 89991
69993 69993 99990
69993 79992 79992
69993 79992 89991
69993 79992 99990
69993 89991 89991
69993 89991 99990
69993 99990 99990
79992 79992 89991
79992 89991 89991
79992 89991 99990
89991 89991 99990
89991 99990 99990
