700 700 700
700 700 1400
700 700 2100
700 700 2800
700 700 3500
700 700 4200
700 700 4900
700 700 5600
700 700 6300
700 700 7000
700 700 7700
700 700 8400
700 700 9100
700 700 9800
700 1400 1400
700 1400 2100
700 1400 2800
700 1400 3500
700 1400 4200
700 1400 4900
700 1400 5600
700 1400 6300
700 1400 7000
700 1400 7700
700 1400 8400
700 1400 9100
700 1400 9800
700 2100 2100
700 2100 2800
700 2100 3500
700 2100 4200
700 2100 4900
700 2100 5600
700 2100 6300
700 2100 7000
700 2100 7700
700 2100 8400
700 2100 9100
700 2100 9800
700 2800 2800
700 2800 3500
700 2800 4200
700 2800 4900
700 2800 5600
700 2800 6300
700 2800 7000
700 2800 7700
700 2800 8400
700 2800 9100
700 2800 9800
700 3500 3500
700 3500 4200
700 3500 4900
700 3500 5600
700 3500 6300
700 3500 7000
700 3500 7700
700 3500 8400
700 3500 9100
700 3500 9800
700 4200 4200
700 4200 4900
700 4200 5600
700 4200 6300
700 4200 7000
700 4200 7700
700 4200 8400
700 4200 9100
700 4200 9800
700 4900 4900
700 4900 5600
700 4900 6300
700 4900 7000
700 4900 7700
700 4900 8400
700 4900 9100
700 4900 9800
700 5600 5600
700 5600 6300
700 5600 7000
700 5600 7700
700 5600 8400
700 5600 9100
700 5600 9800
700 6300 6300
700 6300 7000
700 6300 7700
700 6300 8400
700 6300 9100
700 6300 9800
700 7000 7000
700 7000 7700
700 7000 8400
700 7000 9100
700 7000 9800
700 7700 7700
700 7700 8400
700 7700 9100
700 7700 9800
700 8400 8400
700 8400 9100
700 8400 9800
700 9100 9100
700 9100 9800
700 9800 9800
1400 1400 2100
1400 1400 3500
1400 1400 4900
1400 1400 6300
1400 1400 7700
1400 1400 9100
1400 2100 2100
1400 2100 2800
1400 2100 3500
1400 2100 4200
1400 2100 4900
1400 2100 5600
1400 2100 6300
1400 2100 7000
1400 2100 7700
1400 2100 8400
1400 2100 9100
1400 2100 9800
1400 2800 3500
1400 2800 4900
1400 2800 6300
1400 2800 7700
1400 2800 9100
1400 3500 3500
1400 3500 4200
1400 3500 4900
1400 3500 5600
1400 3500 6300
1400 3500 7000
1400 3500 7700
1400 3500 8400
1400 3500 9100
1400 3500 9800
1400 4200 4900
1400 4200 6300
1400 4200 7700
1400 4200 9100
1400 4900 4900
1400 4900 5600
1400 4900 6300
1400 4900 7000
1400 4900 7700
1400 4900 8400
1400 4900 9100
1400 4900 9800
1400 5600 6300
1400 5600 7700
1400 5600 9100
1400 6300 6300
1400 6300 7000
1400 6300 7700
1400 6300 8400
1400 6300 9100
1400 6300 9800
1400 7000 7700
1400 7000 9100
1400 7700 7700
1400 7700 8400
1400 7700 9100
1400 7700 9800
1400 8400 9100
1400 9100 9100
1400 9100 9800
2100 2100 2800
2100 2100 3500
2100 2100 4900
2100 2100 5600
2100 2100 7000
2100 2100 7700
2100 2100 9100
2100 2100 9800
2100 2800 2800
2100 2800 3500
2100 2800 4200
2100 2800 4900
2100 2800 5600
2100 2800 6300
2100 2800 7000
2100 2800 7700
2100 2800 8400
2100 2800 9100
2100 2800 9800
2100 3500 3500
2100 3500 4200
2100 3500 4900
2100 3500 5600
2100 3500 6300
2100 3500 7000
2100 3500 7700
2100 3500 8400
2100 3500 9100
2100 3500 9800
2100 4200 4900
2100 4200 5600
2100 4200 7000
2100 4200 7700
2100 4200 9100
2100 4200 9800
2100 4900 4900
2100 4900 5600
2100 4900 6300
2100 4900 7000
2100 4900 7700
2100 4900 8400
2100 4900 9100
2100 4900 9800
2100 5600 5600
2100 5600 6300
2100 5600 7000
2100 5600 7700
2100 5600 8400
2100 5600 9100
2100 5600 9800
2100 6300 7000
2100 6300 7700
2100 6300 9100
2100 6300 9800
2100 7000 7000
2100 7000 7700
2100 7000 8400
2100 7000 9100
2100 7000 9800
2100 7700 7700
2100 7700 8400
2100 7700 9100
2100 7700 9800
2100 8400 9100
2100 8400 9800
2100 9100 9100
2100 9100 9800
2100 9800 9800
2800 2800 3500
2800 2800 4900
2800 2800 6300
2800 2800 7700
2800 2800 9100
2800 3500 3500
2800 3500 4200
2800 3500 4900
2800 3500 5600
2800 3500 6300
2800 3500 7000
2800 3500 7700
2800 3500 8400
2800 3500 9100
2800 3500 9800
2800 4200 4900
2800 4200 6300
2800 4200 7700
2800 4200 9100
2800 4900 4900
2800 4900 5600
2800 4900 6300
2800 4900 7000
2800 4900 7700
2800 4900 8400
2800 4900 9100
2800 4900 9800
2800 5600 6300
2800 5600 7700
2800 5600 9100
2800 6300 6300
2800 6300 7000
2800 6300 7700
2800 6300 8400
2800 6300 9100
2800 6300 9800
2800 7000 7700
2800 7000 9100
2800 7700 7700
2800 7700 8400
2800 7700 9100
2800 7700 9800
2800 8400 9100
2800 9100 9100
2800 9100 9800
3500 3500 4200
3500 3500 4900
3500 3500 5600
3500 3500 6300
3500 3500 7700
3500 3500 8400
3500 3500 9100
3500 3500 9800
3500 4200 4200
3500 4200 4900
3500 4200 5600
3500 4200 6300
3500 4200 7000
3500 4200 7700
3500 4200 8400
3500 4200 9100
3500 4200 9800
3500 4900 4900
3500 4900 5600
3500 4900 6300
3500 4900 7000
3500 4900 7700
3500 4900 8400
3500 4900 9100
3500 4900 9800
3500 5600 5600
3500 5600 6300
3500 5600 7000
3500 5600 7700
3500 5600 8400
3500 5600 9100
3500 5600 9800
3500 6300 6300
3500 6300 7000
3500 6300 7700
3500 6300 8400
3500 6300 9100
3500 6300 9800
3500 7000 7700
3500 7000 8400
3500 7000 9100
3500 7000 9800
3500 7700 7700
3500 7700 8400
3500 7700 9100
3500 7700 9800
3500 8400 8400
3500 8400 9100
3500 8400 9800
3500 9100 9100
3500 9100 9800
3500 9800 9800
4200 4200 4900
4200 4200 7700
4200 4200 9100
4200 4900 4900
4200 4900 5600
4200 4900 6300
4200 4900 7000
4200 4900 7700
4200 4900 8400
4200 4900 9100
4200 4900 9800
4200 5600 6300
4200 5600 7700
4200 5600 9100
4200 6300 7000
4200 6300 7700
4200 6300 9100
4200 6300 9800
4200 7000 7700
4200 7000 9100
4200 7700 7700
4200 7700 8400
4200 7700 9100
4200 7700 9800
4200 8400 9100
4200 9100 9100
4200 9100 9800
4900 4900 5600
4900 4900 6300
4900 4900 7000
4900 4900 7700
4900 4900 8400
4900 4900 9100
4900 5600 5600
4900 5600 6300
4900 5600 7000
4900 5600 7700
4900 5600 8400
4900 5600 9100
4900 5600 9800
4900 6300 6300
4900 6300 7000
4900 6300 7700
4900 6300 8400
4900 6300 9100
4900 6300 9800
4900 7000 7000
4900 7000 7700
4900 7000 8400
4900 7000 9100
4900 7000 9800
4900 7700 7700
4900 7700 8400
4900 7700 9100
4900 7700 9800
4900 8400 8400
4900 8400 9100
4900 8400 9800
4900 9100 9100
4900 9100 9800
5600 5600 6300
5600 5600 7700
5600 5600 9100
5600 6300 6300
5600 6300 7000
5600 6300 7700
5600 6300 8400
5600 6300 9100
5600 6300 9800
5600 7000 7700
5600 7000 9100
5600 7700 7700
5600 7700 8400
5600 7700 9100
5600 7700 9800
5600 8400 9100
5600 9100 9100
5600 9100 9800
6300 6300 7000
6300 6300 7700
6300 6300 9100
6300 6300 9800
6300 7000 7000
6300 7000 7700
6300 7000 8400
6300 7000 9100
6300 7000 9800
6300 7700 7700
6300 7700 8400
6300 7700 9100
6300 7700 9800
6300 8400 9100
6300 8400 9800
6300 9100 9100
6300 9100 9800
6300 9800 9800
7000 7000 7700
7000 7000 9100
7000 7700 7700
7000 7700 8400
7000 7700 9100
7000 7700 9800
7000 8400 9100
7000 9100 9100
7000 9100 9800
7700 7700 8400
7700 7700 9100
7700 7700 9800
7700 8400 8400
7700 8400 9100
7700 8400 9800
7700 9100 9100
7700 9100 9800
7700 9800 9800
8400 8400 9100
8400 9100 9100
8400 9100 9800
9100 9100 9800
9100 9800 9800
