100000 100000 100000
100000 100000 200000
100000 100000 300000
100000 100000 400000
100000 100000 500000
100000 200000 200000
100000 200000 300000
100000 200000 400000
100000 200000 500000
100000 300000 300000
100000 300000 400000
100000 300000 500000
100000 400000 400000
100000 400000 500000
100000 500000 500000
200000 200000 300000
200000 200000 500000
200000 300000 300000
200000 300000 400000
200000 300000 500000
200000 400000 500000
200000 500000 500000
300000 300000 400000
300000 300000 500000
300000 400000 400000
300000 400000 500000
300000 500000 500000
400000 400000 500000
400000 500000 500000
