123456 123456 123456
123456 123456 246912
123456 123456 370368
123456 123456 493824
123456 123456 617280
123456 123456 740736
123456 123456 864192
123456 123456 987648
123456 246912 246912
123456 246912 370368
123456 246912 493824
123456 246912 617280
123456 246912 740736
123456 246912 864192
123456 246912 987648
123456 370368 370368
123456 370368 493824
123456 370368 617280
123456 370368 740736
123456 370368 864192
123456 370368 987648
123456 493824 493824
123456 493824 617280
123456 493824 740736
123456 493824 864192
123456 493824 987648
123456 617280 617280
123456 617280 740736
123456 617280 864192
123456 617280 987648
123456 740736 740736
123456 740736 864192
123456 740736 987648
123456 864192 864192
123456 864192 987648
123456 987648 987648
246912 246912 370368
246912 246912 617280
246912 246912 864192
246912 370368 370368
246912 370368 493824
246912 370368 617280
246912 370368 740736
246912 370368 864192
246912 370368 987648
246912 493824 617280
246912 493824 864192
246912 617280 617280
246912 617280 740736
246912 617280 864192
246912 617280 987648
246912 740736 864192
246912 864192 864192
246912 864192 987648
370368 370368 493824
370368 370368 617280
370368 370368 864192
370368 370368 987648
370368 493824 493824
370368 493824 617280
370368 493824 740736
370368 493824 864192
370368 493824 987648
370368 617280 617280
370368 617280 740736
370368 617280 864192
370368 617280 987648
370368 740736 864192
370368 740736 987648
370368 864192 864192
370368 864192 987648
370368 987648 987648
493824 493824 617280
493824 493824 864192
493824 617280 617280
493824 617280 740736
493824 617280 864192
493824 617280 987648
493824 740736 864192
493824 864192 864192
493824 864192 987648
617280 617280 740736
617280 617280 864192
617280 617280 987648
617280 740736 740736
617280 740736 864192
617280 740736 987648
617280 864192 864192
617280 864192 987648
617280 987648 987648
740736 740736 864192
740736 864192 864192
740736 864192 987648
864192 864192 987648
864192 987648 987648
