100 100 100
100 100 200
100 100 300
100 100 400
100 100 500
100 100 600
100 100 700
100 100 800
100 100 900
100 100 1000
100 200 200
100 200 300
100 200 400
100 200 500
100 200 600
100 200 700
100 200 800
100 200 900
100 200 1000
100 300 300
100 300 400
100 300 500
100 300 600
100 300 700
100 300 800
100 300 900
100 300 1000
100 400 400
100 400 500
100 400 600
100 400 700
100 400 800
100 400 900
100 400 1000
100 500 500
100 500 600
100 500 700
100 500 800
100 500 900
100 500 1000
100 600 600
100 600 700
100 600 800
100 600 900
100 600 1000
100 700 700
100 700 800
100 700 900
100 700 1000
100 800 800
100 800 900
100 800 1000
100 900 900
100 900 1000
100 1000 1000
200 200 300
200 200 500
200 200 700
200 200 900
200 300 300
200 300 400
200 300 500
200 300 600
200 300 700
200 300 800
200 300 900
200 300 1000
200 400 500
200 400 700
200 400 900
200 500 500
200 500 600
200 500 700
200 500 800
200 500 900
200 500 1000
200 600 700
200 600 900
200 700 700
200 700 800
200 700 900
200 700 1000
200 800 900
200 900 900
200 900 1000
300 300 400
300 300 500
300 300 700
300 300 800
300 300 1000
300 400 400
300 400 500
300 400 600
300 400 700
300 400 800
300 400 900
300 400 1000
300 500 500
300 500 600
300 500 700
300 500 800
300 500 900
300 500 1000
300 600 700
300 600 800
300 600 1000
300 700 700
300 700 800
300 700 900
300 700 1000
300 800 800
300 800 900
300 800 1000
300 900 1000
300 1000 1000
400 400 500
400 400 700
400 400 900
400 500 500
400 500 600
400 500 700
400 500 800
400 500 900
400 500 1000
400 600 700
400 600 900
400 700 700
400 700 800
400 700 900
400 700 1000
400 800 900
400 900 900
400 900 1000
500 500 600
500 500 700
500 500 800
500 500 900
500 600 600
500 600 700
500 600 800
500 600 900
500 600 1000
500 700 700
500 700 800
500 700 900
500 700 1000
500 800 800
500 800 900
500 800 1000
500 900 900
500 900 1000
600 600 700
600 700 700
600 700 800
600 700 900
600 700 1000
600 800 900
600 900 1000
700 700 800
700 700 900
700 700 1000
700 800 800
700 800 900
700 800 1000
700 900 900
700 900 1000
700 1000 1000
800 800 900
800 900 900
800 900 1000
900 900 1000
900 1000 1000
