75 75 75
75 75 150
75 75 225
75 75 300
75 75 375
75 75 450
75 75 525
75 75 600
75 75 675
75 75 750
75 75 825
75 75 900
75 75 975
75 150 150
75 150 225
75 150 300
75 150 375
75 150 450
75 150 525
75 150 600
75 150 675
75 150 750
75 150 825
75 150 900
75 150 975
75 225 225
75 225 300
75 225 375
75 225 450
75 225 525
75 225 600
75 225 675
75 225 750
75 225 825
75 225 900
75 225 975
75 300 300
75 300 375
75 300 450
75 300 525
75 300 600
75 300 675
75 300 750
75 300 825
75 300 900
75 300 975
75 375 375
75 375 450
75 375 525
75 375 600
75 375 675
75 375 750
75 375 825
75 375 900
75 375 975
75 450 450
75 450 525
75 450 600
75 450 675
75 450 750
75 450 825
75 450 900
75 450 975
75 525 525
75 525 600
75 525 675
75 525 750
75 525 825
75 525 900
75 525 975
75 600 600
75 600 675
75 600 750
75 600 825
75 600 900
75 600 975
75 675 675
75 675 750
75 675 825
75 675 900
75 675 975
75 750 750
75 750 825
75 750 900
75 750 975
75 825 825
75 825 900
75 825 975
75 900 900
75 900 975
75 975 975
150 150 225
150 150 375
150 150 525
150 150 675
150 150 825
150 150 975
150 225 225
150 225 300
150 225 375
150 225 450
150 225 525
150 225 600
150 225 675
150 225 750
150 225 825
150 225 900
150 225 975
150 300 375
150 300 525
150 300 675
150 300 825
150 300 975
150 375 375
150 375 450
150 375 525
150 375 600
150 375 675
150 375 750
150 375 825
150 375 900
150 375 975
150 450 525
150 450 675
150 450 825
150 450 975
150 525 525
150 525 600
150 525 675
150 525 750
150 525 825
150 525 900
150 525 975
150 600 675
150 600 825
150 600 975
150 675 675
150 675 750
150 675 825
150 675 900
150 675 975
150 750 825
150 750 975
150 825 825
150 825 900
150 825 975
150 900 975
150 975 975
225 225 300
225 225 375
225 225 525
225 225 600
225 225 750
225 225 825
225 225 975
225 300 300
225 300 375
225 300 450
225 300 525
225 300 600
225 300 675
225 300 750
225 300 825
225 300 900
225 300 975
225 375 375
225 375 450
225 375 525
225 375 600
225 375 675
225 375 750
225 375 825
225 375 900
225 375 975
225 450 525
225 450 600
225 450 750
225 450 825
225 450 975
225 525 525
225 525 600
225 525 675
225 525 750
225 525 825
225 525 900
225 525 975
225 600 600
225 600 675
225 600 750
225 600 825
225 600 900
225 600 975
225 675 750
225 675 825
225 675 975
225 750 750
225 750 825
225 750 900
225 750 975
225 825 825
225 825 900
225 825 975
225 900 975
225 975 975
300 300 375
300 300 525
300 300 675
300 300 825
300 300 975
300 375 375
300 375 450
300 375 525
300 375 600
300 375 675
300 375 750
300 375 825
300 375 900
300 375 975
300 450 525
300 450 675
300 450 825
300 450 975
300 525 525
300 525 600
300 525 675
300 525 750
300 525 825
300 525 900
300 525 975
300 600 675
300 600 825
300 600 975
300 675 675
300 675 750
300 675 825
300 675 900
300 675 975
300 750 825
300 750 975
300 825 825
300 825 900
300 825 975
300 900 975
300 975 975
375 375 450
375 375 525
375 375 600
375 375 675
375 375 825
375 375 900
375 375 975
375 450 450
375 450 525
375 450 600
375 450 675
375 450 750
375 450 825
375 450 900
375 450 975
375 525 525
375 525 600
375 525 675
375 525 750
375 525 825
375 525 900
375 525 975
375 600 600
375 600 675
375 600 750
375 600 825
375 600 900
375 600 975
375 675 675
375 675 750
375 675 825
375 675 900
375 675 975
375 750 825
375 750 900
375 750 975
375 825 825
375 825 900
375 825 975
375 900 900
375 900 975
375 975 975
450 450 525
450 450 825
450 450 975
450 525 525
450 525 600
450 525 675
450 525 750
450 525 825
450 525 900
450 525 975
450 600 675
450 600 825
450 600 975
450 675 750
450 675 825
450 675 975
450 750 825
450 750 975
450 825 825
450 825 900
450 825 975
450 900 975
450 975 975
525 525 600
525 525 675
525 525 750
525 525 825
525 525 900
525 525 975
525 600 600
525 600 675
525 600 750
525 600 825
525 600 900
525 600 975
525 675 675
525 675 750
525 675 825
525 675 900
525 675 975
525 750 750
525 750 825
525 750 900
525 750 975
525 825 825
525 825 900
525 825 975
525 900 900
525 900 975
525 975 975
600 600 675
600 600 825
600 600 975
600 675 675
600 675 750
600 675 825
600 675 900
600 675 975
600 750 825
600 750 975
600 825 825
600 825 900
600 825 975
600 900 975
600 975 975
675 675 750
675 675 825
675 675 975
675 750 750
675 750 825
675 750 900
675 750 975
675 825 825
675 825 900
675 825 975
675 900 975
675 975 975
750 750 825
750 750 975
750 825 825
750 825 900
750 825 975
750 900 975
750 975 975
825 825 900
825 825 975
825 900 900
825 900 975
825 975 975
900 900 975
900 975 975
