5 5 5
5 5 10
5 5 15
5 5 20
5 5 25
5 5 30
5 5 35
5 5 40
5 5 45
5 5 50
5 5 55
5 5 60
5 10 10
5 10 15
5 10 20
5 10 25
5 10 30
5 10 35
5 10 40
5 10 45
5 10 50
5 10 55
5 10 60
5 15 15
5 15 20
5 15 25
5 15 30
5 15 35
5 15 40
5 15 45
5 15 50
5 15 55
5 15 60
5 20 20
5 20 25
5 20 30
5 20 35
5 20 40
5 20 45
5 20 50
5 20 55
5 20 60
5 25 25
5 25 30
5 25 35
5 25 40
5 25 45
5 25 50
5 25 55
5 25 60
5 30 30
5 30 35
5 30 40
5 30 45
5 30 50
5 30 55
5 30 60
5 35 35
5 35 40
5 35 45
5 35 50
5 35 55
5 35 60
5 40 40
5 40 45
5 40 50
5 40 55
5 40 60
5 45 45
5 45 50
5 45 55
5 45 60
5 50 50
5 50 55
5 50 60
5 55 55
5 55 60
5 60 60
10 10 15
10 10 25
10 10 35
10 10 45
10 10 55
10 15 15
10 15 20
10 15 25
10 15 30
10 15 35
10 15 40
10 15 45
10 15 50
10 15 55
10 15 60
10 20 25
10 20 35
10 20 45
10 20 55
10 25 25
10 25 30
10 25 35
10 25 40
10 25 45
10 25 50
10 25 55
10 25 60
10 30 35
10 30 45
10 30 55
10 35 35
10 35 40
10 35 45
10 35 50
10 35 55
10 35 60
10 40 45
10 40 55
10 45 45
10 45 50
10 45 55
10 45 60
10 50 55
10 55 55
10 55 60
15 15 20
15 15 25
15 15 35
15 15 40
15 15 50
15 15 55
15 20 20
15 20 25
15 20 30
15 20 35
15 20 40
15 20 45
15 20 50
15 20 55
15 20 60
15 25 25
15 25 30
15 25 35
15 25 40
15 25 45
15 25 50
15 25 55
15 25 60
15 30 35
15 30 40
15 30 50
15 30 55
15 35 35
15 35 40
15 35 45
15 35 50
15 35 55
15 35 60
15 40 40
15 40 45
15 40 50
15 40 55
15 40 60
15 45 50
15 45 55
15 50 50
15 50 55
15 50 60
15 55 55
15 55 60
20 20 25
20 20 35
20 20 45
20 20 55
20 25 25
20 25 30
20 25 35
20 25 40
20 25 45
20 25 50
20 25 55
20 25 60
20 30 35
20 30 45
20 30 55
20 35 35
20 35 40
20 35 45
20 35 50
20 35 55
20 35 60
20 40 45
20 40 55
20 45 45
20 45 50
20 45 55
20 45 60
20 50 55
20 55 55
20 55 60
25 25 30
25 25 35
25 25 40
25 25 45
25 25 55
25 25 60
25 30 30
25 30 35
25 30 40
25 30 45
25 30 50
25 30 55
25 30 60
25 35 35
25 35 40
25 35 45
25 35 50
25 35 55
25 35 60
25 40 40
25 40 45
25 40 50
25 40 55
25 40 60
25 45 45
25 45 50
25 45 55
25 45 60
25 50 55
25 50 60
25 55 55
25 55 60
25 60 60
30 30 35
30 30 55
30 35 35
30 35 40
30 35 45
30 35 50
30 35 55
30 35 60
30 40 45
30 40 55
30 45 50
30 45 55
30 50 55
30 55 55
30 55 60
35 35 40
35 35 45
35 35 50
35 35 55
35 35 60
35 40 40
35 40 45
35 40 50
35 40 55
35 40 60
35 45 45
35 45 50
35 45 55
35 45 60
35 50 50
35 50 55
35 50 60
35 55 55
35 55 60
35 60 60
40 40 45
40 40 55
40 45 45
40 45 50
40 45 55
40 45 60
40 50 55
40 55 55
40 55 60
45 45 50
45 45 55
45 50 50
45 50 55
45 50 60
45 55 55
45 55 60
50 50 55
50 55 55
50 55 60
55 55 60
55 60 60
