-910620 -910620 -910620.00 0.00
-529943 -910620 -720281.50 190338.50
808544 -910620 -210673.00 737261.24
808544 -910620 -46959.00 698621.81
808544 -910620 -206914.80 701998.13
899649 -910620 -22487.50 762059.68
899649 -910620 102387.14 768983.02
899649 -910620 57866.13 728898.39
899649 -910620 32329.11 690997.42
899649 -910620 63931.10 662357.81
899649 -910620 79170.91 633369.51
899649 -910620 132343.92 631528.50
899649 -910620 81202.00 632087.89
899649 -910620 92642.21 610490.21
899649 -910620 51549.07 609502.10
899649 -910620 1246.13 621474.29
899649 -910620 -40724.29 625855.51
899649 -910620 -63864.39 615659.95
899649 -910620 -59104.11 599579.63
899649 -910620 -43562.55 588311.31
899649 -910620 -40992.38 574248.10
899649 -910620 -64707.68 571473.95
899649 -910620 -88297.70 569759.59
899649 -910620 -78574.92 559708.99
899649 -910620 -54633.72 560802.57
899649 -993096 -90728.42 578769.45
899649 -993096 -86429.37 568373.26
899649 -993096 -76373.89 560571.82
899649 -993096 -42870.31 578648.94
899649 -993096 -38827.60 569339.45
899649 -993096 -36789.06 560192.57
899649 -993096 -54548.09 560165.91
899649 -993096 -50819.85 552016.28
899649 -993096 -42184.12 546095.75
899649 -993096 -56125.71 544342.26
899649 -993096 -53817.97 536902.32
899649 -993096 -66171.92 534759.29
899649 -993096 -80508.79 534833.84
899649 -993096 -95388.49 535841.49
899649 -993096 -84276.18 533632.65
899649 -993096 -91507.66 529065.33
899649 -993096 -85087.19 524343.12
899649 -993096 -73214.02 523891.86
899649 -993096 -74494.16 517972.36
899649 -993096 -53977.51 529956.87
899649 -993096 -56529.91 524444.40
899649 -993096 -40051.47 530736.06
899649 -993096 -56234.48 536769.26
899649 -993096 -45093.43 536841.80
899649 -993096 -35637.44 535552.53
899649 -993096 -52896.49 544138.22
899649 -993096 -50895.42 539070.17
899649 -993096 -37438.60 542706.33
899649 -993096 -21404.78 550183.00
899649 -993096 -33846.38 552771.67
899649 -993096 -50335.79 561297.32
899649 -993096 -40158.63 561540.36
899649 -993096 -52667.53 564632.47
899649 -993096 -46408.25 561852.86
899649 -993096 -30973.50 569625.31
899649 -993096 -25624.18 566454.47
899649 -993096 -34576.13 566201.13
899649 -993096 -27067.11 564792.87
899649 -993096 -21197.97 562296.09
899649 -993096 -15294.98 559948.86
899649 -993096 -6908.77 559788.75
899649 -993096 -18114.21 563003.95
977394 -993096 -3474.38 571552.12
977394 -993096 8150.51 575436.21
977394 -993096 -2598.91 578246.84
977394 -993096 -1158.27 574286.74
977394 -993096 1634.63 570770.05
977394 -993096 -6277.62 570809.24
977394 -993096 -8771.39 567339.54
977394 -993096 2681.55 572091.83
977394 -993096 -4348.26 571567.14
977394 -993096 -5592.78 567947.17
977394 -993096 -18070.33 574818.78
977394 -993096 -7655.44 578528.13
977394 -993096 2822.96 582395.98
977394 -993096 7991.38 580632.94
977394 -993096 6474.50 577243.09
977394 -993096 1977.75 575198.33
977394 -993096 -260.80 572127.88
977394 -993096 7578.65 573272.84
977394 -993096 -1483.85 576021.95
977394 -993096 -4338.55 573313.45
977394 -993096 4435.18 575890.91
977394 -993096 12950.48 578191.01
977394 -993096 9102.74 576114.57
977394 -993096 97.37 579274.86
977394 -993096 -6626.59 579677.70
977394 -993096 -16456.70 584211.53
977394 -993096 -14240.21 581488.71
977394 -993096 -8320.72 581260.42
977394 -993096 1287.24 585759.31
977394 -993096 2840.14 582930.72
977394 -993096 -4101.67 583964.99
977394 -993096 -4481.03 581020.32
977394 -993096 -11692.95 582544.36
977394 -993096 -3356.50 585617.28
977394 -993096 1458.24 584745.00
977394 -993096 8907.90 586743.38
977394 -993096 15584.13 587833.68
977394 -993096 8315.90 589704.59
977394 -993096 13778.89 589579.91
977394 -993096 16348.48 587414.44
977394 -993096 15227.36 584803.60
977394 -993096 17673.94 582669.84
977394 -993096 16682.96 580107.56
977394 -993096 11784.45 579769.37
977394 -993096 14104.78 577692.79
977394 -993096 12602.26 575350.72
977394 -993096 18199.51 575903.54
977394 -993096 11664.60 577623.77
977394 -993096 6441.43 577849.73
977394 -993096 9920.64 576593.92
977394 -993096 10176.50 574152.19
977394 -993096 3341.34 576535.74
977394 -993096 5475.76 574600.43
977394 -993096 2121.52 573399.62
977394 -993096 -1475.04 572413.58
977394 -993096 6285.09 576489.57
977394 -993096 7733.80 574385.07
977394 -993096 8174.16 572103.93
977394 -993096 14955.51 574850.94
977394 -993096 9061.54 576392.84
977394 -993096 16524.22 580263.74
977394 -993096 9480.61 583477.74
977394 -993096 7728.89 581569.68
977394 -993096 11700.93 581113.12
977394 -993096 8502.04 580064.39
977394 -993096 4641.95 579578.85
977394 -993096 10179.54 580933.11
977394 -993096 7036.73 579919.78
977394 -993096 8661.65 578092.17
977394 -993096 7537.87 576127.56
977394 -993096 4220.86 575347.79
977394 -993096 8655.21 575636.31
977394 -993096 6139.51 574343.12
977394 -993096 11550.35 575872.67
977394 -993096 10755.49 573918.99
977394 -993096 8371.50 572613.89
977394 -993096 2256.05 575289.23
977394 -993096 8488.92 578160.40
977394 -993096 7066.54 576431.51
977394 -993096 8721.61 574815.50
977394 -993096 3514.78 576338.16
977394 -993096 1046.34 575185.33
977394 -993096 -2401.09 574807.28
977394 -993096 -4165.82 573308.34
977394 -993096 -5221.19 571566.49
977394 -993096 -7946.88 570685.81
977394 -993096 -7262.03 568892.99
977394 -993096 -12373.46 570591.59
977394 -993096 -12878.17 568794.54
977394 -993096 -16323.85 568611.19
977394 -993096 -21429.05 570407.11
977394 -993096 -15699.92 573152.66
977394 -993096 -12454.85 572822.11
977394 -993096 -17208.88 574197.91
977394 -993096 -20529.72 573971.73
977394 -993096 -21922.94 572483.08
977394 -993096 -22793.30 570843.20
977394 -993096 -26264.81 570844.51
977394 -993096 -20241.81 574357.06
977394 -993096 -16618.75 574534.31
977394 -993096 -12719.60 575033.77
977394 -993096 -14540.78 573815.69
977394 -993096 -11876.62 573172.86
977394 -993096 -12241.16 571514.22
977394 -993096 -7665.84 572982.67
977394 -993096 -6112.90 571687.15
977394 -993096 -9813.02 572115.74
977394 -993096 -7843.67 571069.93
977394 -993096 -8718.90 569562.96
977394 -993096 -9064.66 567970.27
977394 -993096 -10772.31 566828.08
977394 -993096 -14995.74 568044.16
977394 -993096 -17054.42 567133.29
977394 -993096 -21499.41 568699.90
977394 -993096 -23111.46 567549.92
977394 -993096 -20530.61 567067.01
977394 -993096 -16275.60 568445.76
977394 -993096 -15526.89 566998.31
977394 -993096 -11725.87 567830.51
977394 -993096 -14548.47 567617.07
977394 -993096 -9494.77 570308.09
977394 -993096 -8819.03 568872.80
977394 -993096 -5549.54 569151.43
977394 -993096 -1653.75 570193.84
977394 -993096 -3849.91 569516.36
977394 -993096 -4352.19 568081.65
977394 -993096 -6031.61 567095.77
977394 -993096 -5535.41 565682.03
977394 -993096 -10172.42 567940.49
977394 -993096 -9161.39 566673.98
993417 -993096 -4097.86 569691.61
993417 -993096 -2568.27 568665.88
993417 -993096 -2474.68 567243.97
993417 -993096 336.29 567225.90
993417 -993096 3278.12 567355.21
993417 -993096 2736.34 566008.44
993417 -993096 1026.31 565144.90
993417 -993096 131.59 563909.63
993417 -993096 -3694.72 565200.61
993417 -993096 430.10 566933.33
993417 -993096 5013.38 569400.11
993417 -993096 4057.23 568203.63
993417 -993096 5599.02 567287.21
993417 -993096 4948.44 566019.85
993417 -993096 2756.83 565579.98
993417 -993096 -903.83 566762.58
993417 -993096 921.21 566063.82
993417 -993096 -3109.39 567815.52
993417 -993096 -4302.12 566769.50
993417 -993096 -7586.13 567518.16
993417 -993096 -7372.80 566223.74
993417 -993096 -4173.56 566900.89
993417 -993096 -1235.22 567280.02
993417 -993096 -3996.43 567474.96
993417 -993096 -412.32 568696.93
993417 -993096 35.66 567459.65
993417 -993096 2613.93 567499.15
993417 -993096 3141.09 566291.60
993417 -993096 -1121.37 568643.24
993417 -993096 3259.64 571199.03
993417 -993096 6337.62 571828.57
993417 -993096 8015.94 571141.18
993417 -993096 5586.59 571082.72
993417 -993096 3726.84 570542.83
993417 -993096 6718.68 571124.97
993417 -993096 7304.25 569967.85
993417 -993096 6815.27 568797.64
993417 -993096 10920.91 571050.26
993417 -993096 13892.27 571656.74
993417 -993096 9924.76 573696.33
993417 -993096 8766.71 572767.34
993417 -993096 4902.62 574668.08
993417 -993096 1002.19 576631.06
993417 -993096 5015.71 578782.94
993417 -993096 1952.42 579540.27
993417 -993096 5556.27 581057.47
993417 -993096 4801.93 579984.77
993417 -993096 7692.89 580558.88
993417 -993096 6365.81 579749.92
993417 -993096 7565.84 578881.22
993417 -993096 5915.31 578295.02
993417 -993096 2133.09 580198.03
993417 -993096 942.30 579341.27
993417 -993096 4461.81 580857.85
993417 -993096 5971.64 580197.51
993417 -993096 6903.69 579238.73
993417 -993096 9218.50 579268.71
993417 -993096 6157.98 580185.75
993417 -993096 8049.46 579838.69
993417 -993096 11432.03 581234.70
993417 -993096 7782.36 583050.26
993417 -993096 4250.42 584682.40
993417 -993096 1067.49 585800.84
993417 -993096 -1799.96 586502.88
993417 -993096 -3910.74 586374.93
993417 -993096 -6543.58 586808.61
993417 -993096 -5166.24 586121.95
993417 -993096 -1537.27 587978.99
993417 -993096 -2812.32 587239.67
993417 -993096 -2574.78 586151.74
993417 -993096 -4520.50 585920.38
993417 -993096 -5065.71 584898.40
993417 -993096 -6468.82 584267.63
993417 -993096 -5874.94 583270.29
993417 -993096 -9497.18 585242.81
993417 -993096 -8144.19 584595.97
993417 -993096 -9964.96 584303.20
993417 -993096 -7780.92 584359.25
993417 -993096 -10673.57 585268.79
993417 -993096 -14116.43 587004.64
993417 -993096 -11961.09 587044.94
993417 -993096 -15168.00 588426.36
993417 -993096 -15789.36 587466.35
993417 -993096 -19109.24 589045.49
993417 -993096 -16392.80 589760.70
993417 -993096 -15908.75 588773.92
993417 -993096 -17252.39 588170.92
993417 -993096 -16771.20 587194.13
993417 -993096 -14748.07 587160.87
993417 -993096 -17775.62 588369.04
993417 -993096 -20942.38 589791.72
993417 -993096 -17660.62 591398.65
993417 -993096 -19320.73 591052.28
993417 -993096 -22437.52 592418.33
993417 -993096 -23561.95 591714.02
993417 -993096 -22415.04 591028.43
993417 -993096 -23525.20 590328.36
993417 -993096 -26042.87 590905.93
993417 -993096 -24246.28 590713.44
993417 -993096 -22814.14 590232.65
993417 -993096 -23922.70 589551.11
993417 -993096 -25363.40 589089.65
993417 -993096 -23833.23 588701.92
