528692 528692 528692.00 0.00
545280 528692 536986.00 8294.00
545280 -148728 308414.67 323319.61
545280 -148728 275491.50 285750.73
545280 -148728 215759.40 282124.94
545280 -996562 13705.83 520054.76
545280 -996562 47846.29 488685.65
545280 -996562 -27416.25 498611.18
545280 -996562 -32789.22 470340.70
892797 -996562 59769.40 525549.45
892797 -996562 18222.64 518029.22
892797 -996562 68956.50 523740.95
892797 -996562 100595.23 514991.60
892797 -996562 72402.64 506561.95
892797 -996562 108305.33 507487.98
892797 -996562 137122.19 503888.59
892797 -996562 169219.88 505422.99
892797 -996562 135259.72 510750.98
892797 -996562 144470.21 498661.95
892797 -996562 126067.05 492610.81
932076 -996562 164448.43 510463.04
932076 -996562 126477.36 528210.32
932076 -996562 107120.39 524517.57
932076 -996562 78099.50 532002.14
973667 -996562 113922.20 550003.28
973667 -996562 134686.77 549224.94
973667 -996562 111087.11 552228.60
973667 -996562 83148.71 561373.39
973667 -996562 54938.90 571450.27
973667 -996562 52743.30 561969.78
973667 -996562 31367.55 565093.17
973667 -996562 6171.78 573612.11
973667 -996562 31243.88 582387.96
973667 -996562 5303.15 592795.41
973667 -996562 21398.09 591754.86
973667 -996562 13671.42 585266.02
973667 -996562 33667.73 589638.25
973667 -996562 26243.24 583578.20
973667 -996562 12785.79 581990.57
973667 -996562 3205.00 577775.97
