-376261 -376261 -376261.00 0.00
-376261 -637800 -507030.50 130769.50
-77688 -637800 -363916.33 228831.32
-77688 -724116 -453966.25 252189.99
733637 -724116 -216445.60 525874.58
733637 -724116 -165058.17 493615.98
733637 -724116 -129260.86 465335.70
733637 -724116 -103812.88 440458.11
733637 -724116 -24947.78 471386.30
733637 -724116 -45474.30 451416.20
866502 -724116 37432.64 503971.27
866502 -724116 29352.83 483259.32
866502 -905185 -42534.69 526866.95
866502 -905185 -57875.57 510705.85
866502 -905185 -38096.53 498908.19
866502 -905185 -57276.69 488744.02
866502 -905185 -94217.82 496642.59
866502 -905185 -97932.78 482892.83
869367 -905185 -47022.26 517268.22
869367 -905185 -61709.25 508218.98
869367 -905185 -50810.62 498360.09
946458 -905185 -5480.23 529363.10
946458 -905185 -32501.00 533014.33
946458 -905185 -57618.67 535515.86
946458 -905185 -70563.08 528514.46
946458 -905185 -53233.62 525444.50
946458 -905185 -70104.48 522749.06
946458 -905185 -58989.43 516568.25
946458 -905185 -44499.03 513342.46
946458 -905185 -54352.97 507496.17
946458 -905185 -32317.32 513625.65
946458 -905185 -7398.44 524229.61
946458 -905185 -4162.67 516550.05
990729 -905185 25098.85 535940.29
990729 -905185 23486.97 528312.13
990729 -905185 12974.22 524622.41
990729 -905185 -9358.11 534550.70
990729 -905185 -13866.05 528182.50
990729 -905185 -30646.33 531529.36
990729 -905185 -34114.43 525289.88
990729 -905185 -48484.17 526743.82
998853 -905185 -23547.57 544378.61
998853 -905185 -13630.51 541836.58
998853 -905185 8204.25 554450.17
998853 -905185 21394.36 555192.42
998853 -905185 15688.67 550456.85
998853 -905185 4496.89 549834.21
998853 -905185 16755.46 550528.99
998853 -905185 15.71 557088.27
998853 -905185 -1338.10 551570.66
998853 -905185 8503.29 550552.04
998853 -908533 -9132.02 559588.94
998853 -908533 6024.36 564957.26
998853 -908533 19241.00 567912.00
998853 -908533 7258.73 569572.65
998853 -908533 22969.25 576363.64
998853 -908533 17639.23 572676.15
998853 -908533 17094.66 567732.71
998853 -908533 5742.39 569501.59
998853 -908533 20629.60 576196.70
998853 -908533 7209.48 580832.13
998853 -908533 7892.73 576153.67
998853 -908533 11923.81 572443.39
998853 -908533 15031.86 568489.08
998853 -908533 17018.29 564322.93
998853 -908533 14789.39 560319.67
998853 -908533 2644.88 564806.59
998853 -908533 -8716.10 568298.36
998853 -908533 -18823.10 570288.26
998853 -908533 -15847.76 566739.28
998853 -908533 -3895.68 571549.84
998853 -908533 -12477.07 572154.36
998853 -908533 -8133.16 569416.21
998853 -908533 -18341.51 572241.76
998853 -908533 -25182.72 571452.40
998853 -908533 -14109.16 575723.73
998853 -908533 -5327.05 577074.25
998853 -973207 -17735.77 583610.70
998853 -973207 -29552.18 589220.65
998853 -973207 -20280.65 591297.01
998853 -973207 -22947.01 588119.43
998853 -973207 -23576.20 584549.77
998853 -973207 -34518.48 589406.26
998853 -973207 -22367.27 596254.25
998853 -973207 -28524.73 595416.96
998853 -973207 -20516.76 596531.52
998853 -973207 -16728.07 594133.06
998853 -973207 -10721.93 593398.01
998853 -974511 -21551.02 598735.73
998853 -974511 -15812.69 597856.13
998853 -974511 -19008.21 595334.48
998853 -974511 -10732.26 597330.25
998853 -974511 -14780.44 595377.62
998853 -974511 -24366.39 599374.10
998853 -974511 -27039.08 596774.01
998853 -974511 -27036.42 593657.67
998853 -974511 -25225.49 590856.13
998853 -974511 -15186.45 596091.02
998853 -974511 -11853.15 593990.09
998853 -974511 -16833.56 593086.53
