-495059 -495059 -495059.00 0.00
749313 -495059 127127.00 622186.00
749313 -495059 237869.33 531605.75
749313 -495059 178855.00 471594.72
749313 -495059 255441.00 448757.09
749313 -495059 330968.50 443103.96
749313 -495059 258833.86 446668.59
749313 -495059 262176.75 417913.81
749313 -874559 135872.78 531853.11
817060 -874559 203991.50 544373.40
817060 -974274 96876.45 619789.08
817060 -974274 148708.17 617801.55
817060 -974274 171011.31 598571.64
817060 -974274 114936.79 611205.85
817060 -974274 61104.80 623889.50
817060 -974274 105238.63 627795.86
817060 -974274 101334.06 609251.67
817060 -974274 73238.33 603311.98
817060 -974274 48590.95 596458.81
817060 -974274 157.85 618501.81
817060 -974274 -11784.52 605954.20
817060 -974274 22018.36 611952.45
817060 -974274 -10521.48 617655.51
817060 -974274 -27255.33 609953.33
817060 -974274 -55586.68 613535.09
817060 -974274 -31890.27 613176.49
817060 -974274 -40714.74 603394.29
817060 -974274 -54219.04 596661.99
817060 -974274 -80121.48 602092.77
831224 -974274 -49743.30 614161.25
831224 -974274 -36454.55 608542.70
831224 -974274 -41465.88 599608.29
831224 -974274 -27275.21 595885.26
831224 -974274 -45191.88 596010.88
831224 -974274 -63072.31 596615.21
831224 -974274 -65620.86 588463.71
831224 -974274 -74821.70 583076.29
831224 -974274 -96925.45 590854.02
831224 -974274 -99042.13 583375.71
831224 -974274 -90269.03 578636.99
948093 -974274 -64943.12 593557.46
948093 -974274 -69757.60 587258.43
948093 -974274 -85595.19 589395.46
948093 -974274 -62994.84 601211.44
948093 -974274 -69387.47 596004.15
948093 -974274 -88049.07 602636.08
948093 -974274 -70377.17 608119.09
948093 -974274 -85497.58 610614.39
951082 -974274 -64342.90 621869.56
951082 -974274 -64040.98 615623.08
951082 -974274 -46037.02 622709.96
951082 -974274 -46536.52 616703.62
951082 -974274 -58857.51 617285.50
951082 -974274 -75116.61 622893.30
951082 -974274 -58056.20 629808.47
951082 -974274 -57349.89 624181.82
951082 -974274 -44827.72 625738.67
951082 -974274 -56136.74 626169.30
951082 -974274 -50788.44 622174.80
951082 -974274 -63985.27 625239.96
951082 -974274 -59529.97 621053.45
951082 -974274 -59312.76 616026.93
951082 -974274 -46411.78 619503.45
951082 -974274 -43758.95 615005.09
951082 -974274 -29998.85 620104.92
951082 -974274 -36604.08 617689.07
951082 -974274 -49146.63 621472.44
951082 -974274 -50627.18 617004.89
951082 -974274 -45966.96 613721.85
951082 -974274 -49346.76 609968.79
951082 -974274 -58604.94 610591.19
951082 -974274 -60908.49 606646.74
951082 -974274 -70083.23 607486.27
951082 -974274 -60150.53 609306.67
951082 -974274 -67398.35 608433.93
