-963457 -963457 -963457.00 0.00
-896034 -963457 -929745.50 33711.50
-708822 -963457 -856104.33 107720.41
16125 -963457 -638047.00 389036.97
16125 -963457 -619692.20 349896.28
96449 -963457 -500335.33 416236.89
96449 -963457 -482734.71 387764.61
96449 -963457 -521397.00 376868.18
96449 -963457 -473211.56 380556.50
96449 -963457 -463368.10 362233.30
551295 -963457 -371126.00 452073.63
551295 -963457 -394054.67 439457.22
588884 -963457 -318444.00 496860.88
588884 -986103 -366133.93 508727.23
588884 -986103 -401635.20 509111.57
588884 -986103 -356052.44 523604.58
588884 -986103 -317574.88 530775.80
588884 -986103 -330911.11 518743.88
934549 -986103 -264307.95 578601.74
934549 -986103 -237168.25 576225.37
