624548 624548 624548.00 0.00
624548 -200862 211843.00 412705.00
624548 -200862 217812.00 337077.94
921804 -200862 393810.00 422068.76
921804 -200862 412517.40 379359.33
921804 -369495 282182.00 452619.60
921804 -369495 222516.71 443799.30
921804 -909982 80954.38 559121.96
921804 -909982 66999.22 528620.91
921804 -909982 -12880.10 555807.90
921804 -909982 -68728.82 558595.88
921804 -909982 -55059.92 536732.84
921804 -909982 -38295.54 518935.94
921804 -909982 -50379.00 501953.50
921804 -909982 -86738.27 503654.75
921804 -909982 -93249.06 488313.12
921804 -909982 -106608.41 476737.67
921804 -909982 -49909.11 518945.08
921804 -909982 -19893.79 520909.44
921804 -909982 -60184.55 537236.33
921804 -909982 -33423.57 537774.98
921804 -909982 -29051.91 525792.48
921804 -909982 -1417.83 530318.74
921804 -909982 5023.42 520071.13
921804 -909982 -10264.48 515038.15
921804 -909982 1999.00 508745.16
921804 -909982 34312.00 525721.44
921804 -909982 39137.71 516856.82
921804 -909982 23460.17 514598.10
921804 -909982 11608.93 509958.11
921804 -909982 38900.32 523462.44
921804 -909982 12580.06 535654.23
921804 -909982 -7932.27 540087.90
921804 -909982 -6377.65 532161.09
921804 -909982 10691.34 533863.32
921804 -909982 13672.22 526691.65
921804 -909982 26999.97 525643.73
921804 -909982 36662.89 522000.97
921804 -909982 54533.31 526909.46
921804 -909982 35660.13 533464.55
921804 -909982 35449.54 526920.41
921804 -909982 19714.31 530269.75
921804 -909982 620.58 538478.19
921804 -909982 18748.14 545434.63
921804 -909982 11461.82 541501.46
921804 -909982 -7494.20 550471.87
921804 -909982 -15503.13 547286.61
921804 -909982 -5777.44 545644.82
921804 -909982 -11710.02 541610.16
921804 -909982 -25300.02 544540.59
921804 -909982 -19639.71 540659.04
921804 -909982 -3852.31 547176.53
921804 -909982 -1967.96 542160.21
921804 -909982 -15564.06 546160.83
921804 -909982 -11632.87 541943.44
921804 -909982 -4911.82 539390.85
921804 -909982 -1788.61 535149.03
921804 -909982 4952.71 532951.42
921804 -909982 17151.10 536519.78
921804 -909982 22027.83 533347.05
966226 -909982 37506.49 542375.47
966226 -909982 47014.90 543085.13
966226 -909982 34663.79 547465.01
966226 -909982 31169.42 543878.77
966226 -909982 35124.23 540605.47
966226 -909982 29016.03 538749.79
966226 -909982 35686.82 537453.43
966226 -909982 43390.18 537200.34
966226 -909982 34333.83 538496.99
966226 -909982 23125.27 542683.19
966226 -909982 11600.20 547407.52
966226 -909982 391.53 551736.49
966226 -909982 -500.08 547996.67
966226 -909982 5177.41 546438.75
966226 -909982 4396.68 542825.15
966226 -909982 -4783.12 545070.82
966226 -909982 -11486.61 544664.05
966226 -909982 -15842.90 542509.77
966226 -909982 -23075.15 542836.21
966226 -964606 -34844.29 549481.81
966226 -964606 -23903.78 554777.71
966226 -964606 -27152.54 552159.23
966226 -964606 -28871.07 549043.48
966226 -964606 -25680.95 546538.88
966226 -964606 -31229.58 545689.20
966226 -964606 -23497.81 547170.44
966226 -964606 -18956.16 545644.62
966226 -964606 -11399.06 547095.36
966226 -964606 -13451.93 544353.86
966226 -964606 -8771.34 543119.20
966226 -964606 -14381.60 542742.76
966226 -964606 -11705.08 540388.53
966226 -964606 -15796.51 538906.14
966226 -964606 -10016.39 538922.40
966226 -964606 -4281.26 538954.49
966226 -964606 2682.21 540419.04
966226 -964606 -738.36 538669.76
966226 -964606 -3065.71 536404.37
966226 -964606 -7917.12 535844.97
966226 -964606 -1145.11 537399.93
966226 -964606 -4402.48 535724.12
966226 -964606 -2307.49 533507.16
966226 -964606 406.50 531618.10
967555 -964606 9706.01 537408.45
967555 -964606 13087.04 535953.50
967555 -964606 10628.46 534014.02
967555 -964606 14463.82 532977.56
967555 -964606 12416.58 530926.84
967555 -964606 17149.69 530769.88
967555 -964606 11987.26 531093.70
967555 -964606 17165.94 531478.59
967555 -964606 23165.35 532862.70
967555 -964606 25426.00 531038.86
967555 -964606 18682.96 533541.48
967555 -964606 14167.97 533399.53
967555 -964606 21027.60 536165.65
967555 -964606 20671.46 533883.21
967555 -964606 21493.41 531690.52
967555 -964606 15741.53 533125.82
976719 -964606 23749.68 538039.16
976719 -964606 18892.01 538447.14
976719 -964606 15613.91 537446.87
976719 -964606 14111.39 535514.89
976719 -964606 7516.68 538342.63
976719 -964606 3567.54 537985.26
976719 -964606 8427.16 538593.61
976719 -964606 13358.20 539316.86
976719 -964606 15463.72 537729.79
976719 -964606 15269.11 535646.03
976719 -964606 9467.05 537635.81
976719 -964606 6183.89 536886.44
976719 -964606 4922.54 535043.72
976719 -964606 2373.32 533832.53
976719 -964606 5947.40 533431.74
976719 -996784 -1480.24 538362.71
976719 -996784 28.20 536666.05
976719 -996784 -6725.67 540473.67
976719 -996784 -4252.08 539289.62
976719 -996784 -5164.74 537453.17
976719 -996784 -2566.80 536405.45
976719 -996784 -6214.03 536239.20
976719 -996784 -914.61 538040.23
976719 -996784 3916.25 539237.23
976719 -996784 9016.20 540811.30
976719 -996784 7492.46 539253.30
976719 -996784 2165.18 541218.50
976719 -996784 -4058.71 544591.95
976719 -996784 -9620.58 546922.14
976719 -996784 -11789.38 545721.94
976719 -996784 -14134.04 544652.31
976719 -996784 -13963.73 542849.83
976719 -996784 -10604.33 542633.71
976719 -996784 -10414.19 540862.57
976719 -996784 -11208.74 539193.24
976719 -996784 -13008.80 537915.11
976719 -996784 -13513.36 536225.05
976719 -996784 -8659.20 537942.06
976719 -996784 -14592.08 541365.30
976719 -996784 -9857.96 542931.13
976719 -996784 -15404.96 545732.70
976719 -996784 -9467.94 549193.99
976719 -996784 -14922.77 551853.97
976719 -996784 -12288.72 551179.13
985565 -996784 -6204.25 554959.81
985565 -996784 -11335.58 557164.30
985565 -996784 -6425.90 559052.16
985565 -996784 -8173.89 557830.65
985565 -996784 -3393.46 559588.40
985565 -996784 -8934.58 562534.05
985565 -996784 -6809.45 561557.08
985565 -996784 -6932.34 559914.98
985565 -996784 -1595.27 562630.34
985565 -996784 3298.39 564661.09
985565 -996784 7772.87 566103.66
985565 -996784 11205.53 566297.04
985565 -996784 9817.29 564984.50
985565 -996784 10552.21 563470.60
985565 -996784 12970.61 562806.03
985565 -996784 15316.84 562104.01
985565 -996784 18044.41 561727.04
985565 -996784 20845.19 561432.06
985565 -996784 17613.44 561573.20
985565 -996784 18737.58 560242.04
985565 -996784 18683.43 558718.05
985565 -996784 22273.68 559330.15
985565 -996784 19533.91 559067.88
985565 -996784 15477.57 560308.75
985565 -996784 14995.34 558855.48
985565 -996784 18308.12 559222.83
985565 -996784 16379.96 558378.81
985565 -996784 21108.07 560715.57
985565 -996784 23981.79 560661.90
985565 -996784 27802.15 561707.50
985565 -996784 30163.53 561217.55
985565 -996784 32284.96 560556.00
985565 -996784 28929.08 561084.60
985565 -996784 30571.17 560130.69
985565 -996784 29658.57 558861.23
985565 -996784 29722.82 557456.02
985565 -996784 32376.10 557318.91
