-910620 -910620 -910620.00 NaN
-529943 -910620 -720281.50 NaN
808544 -910620 -210673.00 NaN
808544 -910620 -46959.00 NaN
808544 -910620 -206914.80 NaN
899649 -910620 -22487.50 NaN
899649 -910620 102387.14 NaN
899649 -910620 57866.13 NaN
899649 -910620 32329.11 NaN
899649 -910620 63931.10 NaN
899649 -910620 79170.91 NaN
899649 -910620 132343.92 NaN
899649 -910620 81202.00 NaN
899649 -910620 92642.21 NaN
899649 -910620 51549.07 NaN
899649 -910620 1246.13 NaN
899649 -910620 -40724.29 NaN
899649 -910620 -63864.39 NaN
899649 -910620 -59104.11 NaN
899649 -910620 -43562.55 NaN
899649 -910620 -40992.38 NaN
899649 -910620 -64707.68 NaN
899649 -910620 -88297.70 NaN
899649 -910620 -78574.92 NaN
899649 -910620 -54633.72 NaN
899649 -993096 -90728.42 NaN
899649 -993096 -86429.37 NaN
899649 -993096 -76373.89 NaN
899649 -993096 -42870.31 NaN
899649 -993096 -38827.60 NaN
899649 -993096 -36789.06 NaN
899649 -993096 -54548.09 NaN
899649 -993096 -50819.85 NaN
899649 -993096 -42184.12 NaN
899649 -993096 -56125.71 NaN
899649 -993096 -53817.97 NaN
899649 -993096 -66171.92 NaN
899649 -993096 -80508.79 NaN
899649 -993096 -95388.49 NaN
899649 -993096 -84276.17 NaN
899649 -993096 -91507.66 NaN
899649 -993096 -85087.19 NaN
899649 -993096 -73214.02 NaN
899649 -993096 -74494.16 NaN
899649 -993096 -53977.51 NaN
899649 -993096 -56529.91 NaN
899649 -993096 -40051.47 NaN
899649 -993096 -56234.48 NaN
899649 -993096 -45093.43 NaN
899649 -993096 -35637.44 NaN
899649 -993096 -52896.49 NaN
899649 -993096 -50895.42 NaN
899649 -993096 -37438.60 NaN
899649 -993096 -21404.78 NaN
899649 -993096 -33846.38 NaN
899649 -993096 -50335.79 NaN
899649 -993096 -40158.63 NaN
899649 -993096 -52667.53 NaN
899649 -993096 -46408.25 NaN
899649 -993096 -30973.50 NaN
899649 -993096 -25624.18 NaN
899649 -993096 -34576.13 NaN
899649 -993096 -27067.11 NaN
899649 -993096 -21197.97 NaN
899649 -993096 -15294.98 NaN
899649 -993096 -6908.77 NaN
899649 -993096 -18114.21 NaN
977394 -993096 -3474.38 NaN
977394 -993096 8150.51 NaN
977394 -993096 -2598.91 NaN
977394 -993096 -1158.27 NaN
977394 -993096 1634.63 NaN
977394 -993096 -6277.62 NaN
977394 -993096 -8771.39 NaN
977394 -993096 2681.55 NaN
977394 -993096 -4348.26 NaN
977394 -993096 -5592.78 NaN
977394 -993096 -18070.33 NaN
977394 -993096 -7655.44 NaN
977394 -993096 2822.96 NaN
977394 -993096 7991.38 NaN
977394 -993096 6474.50 NaN
977394 -993096 1977.75 NaN
977394 -993096 -260.80 NaN
977394 -993096 7578.65 NaN
977394 -993096 -1483.85 NaN
977394 -993096 -4338.55 NaN
977394 -993096 4435.18 NaN
977394 -993096 12950.48 NaN
977394 -993096 9102.74 NaN
977394 -993096 97.37 NaN
977394 -993096 -6626.59 NaN
977394 -993096 -16456.70 NaN
977394 -993096 -14240.21 NaN
977394 -993096 -8320.72 NaN
977394 -993096 1287.24 NaN
977394 -993096 2840.14 NaN
977394 -993096 -4101.67 NaN
977394 -993096 -4481.03 NaN
977394 -993096 -11692.95 NaN
977394 -993096 -3356.50 NaN
977394 -993096 1458.24 NaN
977394 -993096 8907.90 NaN
977394 -993096 15584.13 NaN
977394 -993096 8315.90 NaN
977394 -993096 13778.89 NaN
977394 -993096 16348.48 NaN
977394 -993096 15227.36 NaN
977394 -993096 17673.94 NaN
977394 -993096 16682.96 NaN
977394 -993096 11784.45 NaN
977394 -993096 14104.78 NaN
977394 -993096 12602.26 NaN
977394 -993096 18199.51 NaN
977394 -993096 11664.60 NaN
977394 -993096 6441.43 NaN
977394 -993096 9920.64 NaN
977394 -993096 10176.50 NaN
977394 -993096 3341.34 NaN
977394 -993096 5475.76 NaN
977394 -993096 2121.52 NaN
977394 -993096 -1475.04 NaN
977394 -993096 6285.09 NaN
977394 -993096 7733.80 NaN
977394 -993096 8174.16 NaN
977394 -993096 14955.51 NaN
977394 -993096 9061.54 NaN
977394 -993096 16524.22 NaN
977394 -993096 9480.61 NaN
977394 -993096 7728.89 NaN
977394 -993096 11700.93 NaN
977394 -993096 8502.04 NaN
977394 -993096 4641.95 NaN
977394 -993096 10179.54 NaN
977394 -993096 7036.73 NaN
977394 -993096 8661.65 NaN
977394 -993096 7537.87 NaN
977394 -993096 4220.86 NaN
977394 -993096 8655.21 NaN
977394 -993096 6139.51 NaN
977394 -993096 11550.35 NaN
977394 -993096 10755.49 NaN
977394 -993096 8371.50 NaN
977394 -993096 2256.05 NaN
977394 -993096 8488.92 NaN
977394 -993096 7066.54 NaN
977394 -993096 8721.61 NaN
977394 -993096 3514.78 NaN
977394 -993096 1046.34 NaN
977394 -993096 -2401.09 NaN
977394 -993096 -4165.82 NaN
977394 -993096 -5221.19 NaN
977394 -993096 -7946.88 NaN
977394 -993096 -7262.03 NaN
977394 -993096 -12373.46 NaN
977394 -993096 -12878.17 NaN
977394 -993096 -16323.85 NaN
977394 -993096 -21429.05 NaN
977394 -993096 -15699.92 NaN
977394 -993096 -12454.85 NaN
977394 -993096 -17208.88 NaN
977394 -993096 -20529.72 NaN
977394 -993096 -21922.94 NaN
977394 -993096 -22793.30 NaN
977394 -993096 -26264.81 NaN
977394 -993096 -20241.81 NaN
977394 -993096 -16618.75 NaN
977394 -993096 -12719.60 NaN
977394 -993096 -14540.78 NaN
977394 -993096 -11876.62 NaN
977394 -993096 -12241.16 NaN
977394 -993096 -7665.84 NaN
977394 -993096 -6112.90 NaN
977394 -993096 -9813.02 NaN
977394 -993096 -7843.67 NaN
977394 -993096 -8718.90 NaN
977394 -993096 -9064.66 NaN
977394 -993096 -10772.31 NaN
977394 -993096 -14995.74 NaN
977394 -993096 -17054.42 NaN
977394 -993096 -21499.41 NaN
977394 -993096 -23111.46 NaN
977394 -993096 -20530.61 NaN
977394 -993096 -16275.60 NaN
977394 -993096 -15526.89 NaN
977394 -993096 -11725.87 NaN
977394 -993096 -14548.47 NaN
977394 -993096 -9494.77 NaN
977394 -993096 -8819.03 NaN
977394 -993096 -5549.54 NaN
977394 -993096 -1653.75 NaN
977394 -993096 -3849.91 NaN
977394 -993096 -4352.19 NaN
977394 -993096 -6031.61 NaN
977394 -993096 -5535.41 NaN
977394 -993096 -10172.42 NaN
977394 -993096 -9161.39 NaN
993417 -993096 -4097.86 NaN
993417 -993096 -2568.27 NaN
993417 -993096 -2474.68 NaN
993417 -993096 336.29 NaN
993417 -993096 3278.12 NaN
993417 -993096 2736.34 NaN
993417 -993096 1026.31 NaN
993417 -993096 131.59 NaN
993417 -993096 -3694.72 NaN
993417 -993096 430.10 NaN
993417 -993096 5013.38 NaN
993417 -993096 4057.23 NaN
993417 -993096 5599.02 NaN
993417 -993096 4948.44 NaN
993417 -993096 2756.83 NaN
993417 -993096 -903.83 NaN
993417 -993096 921.21 NaN
993417 -993096 -3109.39 NaN
993417 -993096 -4302.12 NaN
993417 -993096 -7586.13 NaN
993417 -993096 -7372.80 NaN
993417 -993096 -4173.56 NaN
993417 -993096 -1235.22 NaN
993417 -993096 -3996.43 NaN
993417 -993096 -412.32 NaN
993417 -993096 35.66 NaN
993417 -993096 2613.93 NaN
993417 -993096 3141.09 NaN
993417 -993096 -1121.37 NaN
993417 -993096 3259.64 NaN
993417 -993096 6337.62 NaN
993417 -993096 8015.94 NaN
993417 -993096 5586.59 NaN
993417 -993096 3726.84 NaN
993417 -993096 6718.68 NaN
993417 -993096 7304.25 NaN
993417 -993096 6815.27 NaN
993417 -993096 10920.91 NaN
993417 -993096 13892.27 NaN
993417 -993096 9924.76 NaN
993417 -993096 8766.71 NaN
993417 -993096 4902.62 NaN
993417 -993096 1002.19 NaN
993417 -993096 5015.71 NaN
993417 -993096 1952.42 NaN
993417 -993096 5556.27 NaN
993417 -993096 4801.93 NaN
993417 -993096 7692.89 NaN
993417 -993096 6365.81 NaN
993417 -993096 7565.84 NaN
993417 -993096 5915.31 NaN
993417 -993096 2133.09 NaN
993417 -993096 942.30 NaN
993417 -993096 4461.81 NaN
993417 -993096 5971.64 NaN
993417 -993096 6903.69 NaN
993417 -993096 9218.50 NaN
993417 -993096 6157.98 NaN
993417 -993096 8049.46 NaN
993417 -993096 11432.03 NaN
993417 -993096 7782.36 NaN
993417 -993096 4250.42 NaN
993417 -993096 1067.49 NaN
993417 -993096 -1799.96 NaN
993417 -993096 -3910.74 NaN
993417 -993096 -6543.58 NaN
993417 -993096 -5166.24 NaN
993417 -993096 -1537.27 NaN
993417 -993096 -2812.32 NaN
993417 -993096 -2574.78 NaN
993417 -993096 -4520.50 NaN
993417 -993096 -5065.71 NaN
993417 -993096 -6468.82 NaN
993417 -993096 -5874.94 NaN
993417 -993096 -9497.18 NaN
993417 -993096 -8144.19 NaN
993417 -993096 -9964.96 NaN
993417 -993096 -7780.92 NaN
993417 -993096 -10673.57 NaN
993417 -993096 -14116.43 NaN
993417 -993096 -11961.09 NaN
993417 -993096 -15168.00 NaN
993417 -993096 -15789.36 NaN
993417 -993096 -19109.24 NaN
993417 -993096 -16392.80 NaN
993417 -993096 -15908.75 NaN
993417 -993096 -17252.39 NaN
993417 -993096 -16771.20 NaN
993417 -993096 -14748.07 NaN
993417 -993096 -17775.62 NaN
993417 -993096 -20942.38 NaN
993417 -993096 -17660.62 NaN
993417 -993096 -19320.73 NaN
993417 -993096 -22437.52 NaN
993417 -993096 -23561.95 NaN
993417 -993096 -22415.04 NaN
993417 -993096 -23525.20 NaN
993417 -993096 -26042.87 NaN
993417 -993096 -24246.28 NaN
993417 -993096 -22814.14 NaN
993417 -993096 -23922.70 NaN
993417 -993096 -25363.40 NaN
993417 -993096 -23833.23 NaN
