-376261 -376261 -376261.00 NaN
-376261 -637800 -507030.50 NaN
-77688 -637800 -363916.33 NaN
-77688 -724116 -453966.25 NaN
733637 -724116 -216445.60 NaN
733637 -724116 -165058.17 NaN
733637 -724116 -129260.86 NaN
733637 -724116 -103812.88 NaN
733637 -724116 -24947.78 NaN
733637 -724116 -45474.30 NaN
866502 -724116 37432.64 NaN
866502 -724116 29352.83 NaN
866502 -905185 -42534.69 NaN
866502 -905185 -57875.57 NaN
866502 -905185 -38096.53 NaN
866502 -905185 -57276.69 NaN
866502 -905185 -94217.82 NaN
866502 -905185 -97932.78 NaN
869367 -905185 -47022.26 NaN
869367 -905185 -61709.25 NaN
869367 -905185 -50810.62 NaN
946458 -905185 -5480.23 NaN
946458 -905185 -32501.00 NaN
946458 -905185 -57618.67 NaN
946458 -905185 -70563.08 NaN
946458 -905185 -53233.62 NaN
946458 -905185 -70104.48 NaN
946458 -905185 -58989.43 NaN
946458 -905185 -44499.03 NaN
946458 -905185 -54352.97 NaN
946458 -905185 -32317.32 NaN
946458 -905185 -7398.44 NaN
946458 -905185 -4162.67 NaN
990729 -905185 25098.85 NaN
990729 -905185 23486.97 NaN
990729 -905185 12974.22 NaN
990729 -905185 -9358.11 NaN
990729 -905185 -13866.05 NaN
990729 -905185 -30646.33 NaN
990729 -905185 -34114.42 NaN
990729 -905185 -48484.17 NaN
998853 -905185 -23547.57 NaN
998853 -905185 -13630.51 NaN
998853 -905185 8204.25 NaN
998853 -905185 21394.36 NaN
998853 -905185 15688.67 NaN
998853 -905185 4496.89 NaN
998853 -905185 16755.46 NaN
998853 -905185 15.71 NaN
998853 -905185 -1338.10 NaN
998853 -905185 8503.29 NaN
998853 -908533 -9132.02 NaN
998853 -908533 6024.36 NaN
998853 -908533 19241.00 NaN
998853 -908533 7258.73 NaN
998853 -908533 22969.25 NaN
998853 -908533 17639.23 NaN
998853 -908533 17094.66 NaN
998853 -908533 5742.39 NaN
998853 -908533 20629.60 NaN
998853 -908533 7209.48 NaN
998853 -908533 7892.73 NaN
998853 -908533 11923.81 NaN
998853 -908533 15031.86 NaN
998853 -908533 17018.29 NaN
998853 -908533 14789.39 NaN
998853 -908533 2644.88 NaN
998853 -908533 -8716.10 NaN
998853 -908533 -18823.10 NaN
998853 -908533 -15847.76 NaN
998853 -908533 -3895.68 NaN
998853 -908533 -12477.07 NaN
998853 -908533 -8133.16 NaN
998853 -908533 -18341.51 NaN
998853 -908533 -25182.72 NaN
998853 -908533 -14109.16 NaN
998853 -908533 -5327.05 NaN
998853 -973207 -17735.77 NaN
998853 -973207 -29552.18 NaN
998853 -973207 -20280.65 NaN
998853 -973207 -22947.01 NaN
998853 -973207 -23576.20 NaN
998853 -973207 -34518.48 NaN
998853 -973207 -22367.27 NaN
998853 -973207 -28524.73 NaN
998853 -973207 -20516.76 NaN
998853 -973207 -16728.07 NaN
998853 -973207 -10721.93 NaN
998853 -974511 -21551.02 NaN
998853 -974511 -15812.69 NaN
998853 -974511 -19008.21 NaN
998853 -974511 -10732.26 NaN
998853 -974511 -14780.44 NaN
998853 -974511 -24366.39 NaN
998853 -974511 -27039.08 NaN
998853 -974511 -27036.42 NaN
998853 -974511 -25225.49 NaN
998853 -974511 -15186.45 NaN
998853 -974511 -11853.15 NaN
998853 -974511 -16833.56 NaN
