-495059 -495059 -495059.00 NaN
749313 -495059 127127.00 NaN
749313 -495059 237869.33 NaN
749313 -495059 178855.00 NaN
749313 -495059 255441.00 NaN
749313 -495059 330968.50 NaN
749313 -495059 258833.86 NaN
749313 -495059 262176.75 NaN
749313 -874559 135872.78 NaN
817060 -874559 203991.50 NaN
817060 -974274 96876.45 NaN
817060 -974274 148708.17 NaN
817060 -974274 171011.31 NaN
817060 -974274 114936.79 NaN
817060 -974274 61104.80 NaN
817060 -974274 105238.63 NaN
817060 -974274 101334.06 NaN
817060 -974274 73238.33 NaN
817060 -974274 48590.95 NaN
817060 -974274 157.85 NaN
817060 -974274 -11784.52 NaN
817060 -974274 22018.36 NaN
817060 -974274 -10521.48 NaN
817060 -974274 -27255.33 NaN
817060 -974274 -55586.68 NaN
817060 -974274 -31890.27 NaN
817060 -974274 -40714.74 NaN
817060 -974274 -54219.04 NaN
817060 -974274 -80121.48 NaN
831224 -974274 -49743.30 NaN
831224 -974274 -36454.55 NaN
831224 -974274 -41465.88 NaN
831224 -974274 -27275.21 NaN
831224 -974274 -45191.88 NaN
831224 -974274 -63072.31 NaN
831224 -974274 -65620.86 NaN
831224 -974274 -74821.70 NaN
831224 -974274 -96925.45 NaN
831224 -974274 -99042.13 NaN
831224 -974274 -90269.03 NaN
948093 -974274 -64943.12 NaN
948093 -974274 -69757.60 NaN
948093 -974274 -85595.19 NaN
948093 -974274 -62994.84 NaN
948093 -974274 -69387.47 NaN
948093 -974274 -88049.07 NaN
948093 -974274 -70377.17 NaN
948093 -974274 -85497.58 NaN
951082 -974274 -64342.90 NaN
951082 -974274 -64040.98 NaN
951082 -974274 -46037.02 NaN
951082 -974274 -46536.52 NaN
951082 -974274 -58857.51 NaN
951082 -974274 -75116.61 NaN
951082 -974274 -58056.20 NaN
951082 -974274 -57349.89 NaN
951082 -974274 -44827.72 NaN
951082 -974274 -56136.74 NaN
951082 -974274 -50788.44 NaN
951082 -974274 -63985.27 NaN
951082 -974274 -59529.97 NaN
951082 -974274 -59312.76 NaN
951082 -974274 -46411.78 NaN
951082 -974274 -43758.95 NaN
951082 -974274 -29998.85 NaN
951082 -974274 -36604.08 NaN
951082 -974274 -49146.63 NaN
951082 -974274 -50627.18 NaN
951082 -974274 -45966.96 NaN
951082 -974274 -49346.76 NaN
951082 -974274 -58604.94 NaN
951082 -974274 -60908.49 NaN
951082 -974274 -70083.23 NaN
951082 -974274 -60150.53 NaN
951082 -974274 -67398.35 NaN
