624548 624548 624548.00 NaN
624548 -200862 211843.00 NaN
624548 -200862 217812.00 NaN
921804 -200862 393810.00 NaN
921804 -200862 412517.40 NaN
921804 -369495 282182.00 NaN
921804 -369495 222516.71 NaN
921804 -909982 80954.38 NaN
921804 -909982 66999.22 NaN
921804 -909982 -12880.10 NaN
921804 -909982 -68728.82 NaN
921804 -909982 -55059.92 NaN
921804 -909982 -38295.54 NaN
921804 -909982 -50379.00 NaN
921804 -909982 -86738.27 NaN
921804 -909982 -93249.06 NaN
921804 -909982 -106608.41 NaN
921804 -909982 -49909.11 NaN
921804 -909982 -19893.79 NaN
921804 -909982 -60184.55 NaN
921804 -909982 -33423.57 NaN
921804 -909982 -29051.91 NaN
921804 -909982 -1417.83 NaN
921804 -909982 5023.42 NaN
921804 -909982 -10264.48 NaN
921804 -909982 1999.00 NaN
921804 -909982 34312.00 NaN
921804 -909982 39137.71 NaN
921804 -909982 23460.17 NaN
921804 -909982 11608.93 NaN
921804 -909982 38900.32 NaN
921804 -909982 12580.06 NaN
921804 -909982 -7932.27 NaN
921804 -909982 -6377.65 NaN
921804 -909982 10691.34 NaN
921804 -909982 13672.22 NaN
921804 -909982 26999.97 NaN
921804 -909982 36662.89 NaN
921804 -909982 54533.31 NaN
921804 -909982 35660.13 NaN
921804 -909982 35449.54 NaN
921804 -909982 19714.31 NaN
921804 -909982 620.58 NaN
921804 -909982 18748.14 NaN
921804 -909982 11461.82 NaN
921804 -909982 -7494.20 NaN
921804 -909982 -15503.13 NaN
921804 -909982 -5777.44 NaN
921804 -909982 -11710.02 NaN
921804 -909982 -25300.02 NaN
921804 -909982 -19639.71 NaN
921804 -909982 -3852.31 NaN
921804 -909982 -1967.96 NaN
921804 -909982 -15564.06 NaN
921804 -909982 -11632.87 NaN
921804 -909982 -4911.82 NaN
921804 -909982 -1788.61 NaN
921804 -909982 4952.71 NaN
921804 -909982 17151.10 NaN
921804 -909982 22027.83 NaN
966226 -909982 37506.49 NaN
966226 -909982 47014.90 NaN
966226 -909982 34663.79 NaN
966226 -909982 31169.42 NaN
966226 -909982 35124.23 NaN
966226 -909982 29016.03 NaN
966226 -909982 35686.82 NaN
966226 -909982 43390.18 NaN
966226 -909982 34333.83 NaN
966226 -909982 23125.27 NaN
966226 -909982 11600.20 NaN
966226 -909982 391.53 NaN
966226 -909982 -500.08 NaN
966226 -909982 5177.41 NaN
966226 -909982 4396.68 NaN
966226 -909982 -4783.12 NaN
966226 -909982 -11486.61 NaN
966226 -909982 -15842.90 NaN
966226 -909982 -23075.15 NaN
966226 -964606 -34844.29 NaN
966226 -964606 -23903.78 NaN
966226 -964606 -27152.54 NaN
966226 -964606 -28871.07 NaN
966226 -964606 -25680.95 NaN
966226 -964606 -31229.58 NaN
966226 -964606 -23497.81 NaN
966226 -964606 -18956.16 NaN
966226 -964606 -11399.06 NaN
966226 -964606 -13451.93 NaN
966226 -964606 -8771.34 NaN
966226 -964606 -14381.60 NaN
966226 -964606 -11705.08 NaN
966226 -964606 -15796.51 NaN
966226 -964606 -10016.39 NaN
966226 -964606 -4281.26 NaN
966226 -964606 2682.21 NaN
966226 -964606 -738.36 NaN
966226 -964606 -3065.71 NaN
966226 -964606 -7917.12 NaN
966226 -964606 -1145.11 NaN
966226 -964606 -4402.48 NaN
966226 -964606 -2307.49 NaN
966226 -964606 406.50 NaN
967555 -964606 9706.01 NaN
967555 -964606 13087.04 NaN
967555 -964606 10628.46 NaN
967555 -964606 14463.82 NaN
967555 -964606 12416.58 NaN
967555 -964606 17149.69 NaN
967555 -964606 11987.26 NaN
967555 -964606 17165.94 NaN
967555 -964606 23165.35 NaN
967555 -964606 25426.00 NaN
967555 -964606 18682.96 NaN
967555 -964606 14167.97 NaN
967555 -964606 21027.60 NaN
967555 -964606 20671.46 NaN
967555 -964606 21493.41 NaN
967555 -964606 15741.53 NaN
976719 -964606 23749.68 NaN
976719 -964606 18892.01 NaN
976719 -964606 15613.91 NaN
976719 -964606 14111.39 NaN
976719 -964606 7516.68 NaN
976719 -964606 3567.54 NaN
976719 -964606 8427.16 NaN
976719 -964606 13358.20 NaN
976719 -964606 15463.72 NaN
976719 -964606 15269.11 NaN
976719 -964606 9467.05 NaN
976719 -964606 6183.89 NaN
976719 -964606 4922.54 NaN
976719 -964606 2373.32 NaN
976719 -964606 5947.40 NaN
976719 -996784 -1480.24 NaN
976719 -996784 28.20 NaN
976719 -996784 -6725.67 NaN
976719 -996784 -4252.08 NaN
976719 -996784 -5164.74 NaN
976719 -996784 -2566.80 NaN
976719 -996784 -6214.03 NaN
976719 -996784 -914.61 NaN
976719 -996784 3916.25 NaN
976719 -996784 9016.20 NaN
976719 -996784 7492.46 NaN
976719 -996784 2165.18 NaN
976719 -996784 -4058.71 NaN
976719 -996784 -9620.58 NaN
976719 -996784 -11789.38 NaN
976719 -996784 -14134.04 NaN
976719 -996784 -13963.73 NaN
976719 -996784 -10604.33 NaN
976719 -996784 -10414.19 NaN
976719 -996784 -11208.74 NaN
976719 -996784 -13008.80 NaN
976719 -996784 -13513.36 NaN
976719 -996784 -8659.20 NaN
976719 -996784 -14592.08 NaN
976719 -996784 -9857.96 NaN
976719 -996784 -15404.96 NaN
976719 -996784 -9467.94 NaN
976719 -996784 -14922.77 NaN
976719 -996784 -12288.72 NaN
985565 -996784 -6204.25 NaN
985565 -996784 -11335.58 NaN
985565 -996784 -6425.90 NaN
985565 -996784 -8173.89 NaN
985565 -996784 -3393.46 NaN
985565 -996784 -8934.58 NaN
985565 -996784 -6809.45 NaN
985565 -996784 -6932.34 NaN
985565 -996784 -1595.27 NaN
985565 -996784 3298.39 NaN
985565 -996784 7772.87 NaN
985565 -996784 11205.53 NaN
985565 -996784 9817.29 NaN
985565 -996784 10552.21 NaN
985565 -996784 12970.61 NaN
985565 -996784 15316.84 NaN
985565 -996784 18044.41 NaN
985565 -996784 20845.19 NaN
985565 -996784 17613.44 NaN
985565 -996784 18737.58 NaN
985565 -996784 18683.43 NaN
985565 -996784 22273.68 NaN
985565 -996784 19533.91 NaN
985565 -996784 15477.57 NaN
985565 -996784 14995.34 NaN
985565 -996784 18308.12 NaN
985565 -996784 16379.96 NaN
985565 -996784 21108.07 NaN
985565 -996784 23981.79 NaN
985565 -996784 27802.15 NaN
985565 -996784 30163.53 NaN
985565 -996784 32284.96 NaN
985565 -996784 28929.08 NaN
985565 -996784 30571.17 NaN
985565 -996784 29658.57 NaN
985565 -996784 29722.82 NaN
985565 -996784 32376.10 NaN
