-963457 -963457 -963457.00 NaN
-896034 -963457 -929745.50 NaN
-708822 -963457 -856104.33 NaN
16125 -963457 -638047.00 NaN
16125 -963457 -619692.20 NaN
96449 -963457 -500335.33 NaN
96449 -963457 -482734.71 NaN
96449 -963457 -521397.00 NaN
96449 -963457 -473211.56 NaN
96449 -963457 -463368.10 NaN
551295 -963457 -371126.00 NaN
551295 -963457 -394054.67 NaN
588884 -963457 -318444.00 NaN
588884 -986103 -366133.93 NaN
588884 -986103 -401635.20 NaN
588884 -986103 -356052.44 NaN
588884 -986103 -317574.88 NaN
588884 -986103 -330911.11 NaN
934549 -986103 -264307.95 NaN
934549 -986103 -237168.25 NaN
