528692 528692 528692.00 NaN
545280 528692 536986.00 NaN
545280 -148728 308414.67 NaN
545280 -148728 275491.50 NaN
545280 -148728 215759.40 NaN
545280 -996562 13705.83 NaN
545280 -996562 47846.29 NaN
545280 -996562 -27416.25 NaN
545280 -996562 -32789.22 NaN
892797 -996562 59769.40 NaN
892797 -996562 18222.64 NaN
892797 -996562 68956.50 NaN
892797 -996562 100595.23 NaN
892797 -996562 72402.64 NaN
892797 -996562 108305.33 NaN
892797 -996562 137122.19 NaN
892797 -996562 169219.88 NaN
892797 -996562 135259.72 NaN
892797 -996562 144470.21 NaN
892797 -996562 126067.05 NaN
932076 -996562 164448.43 NaN
932076 -996562 126477.36 NaN
932076 -996562 107120.39 NaN
932076 -996562 78099.50 NaN
973667 -996562 113922.20 NaN
973667 -996562 134686.77 NaN
973667 -996562 111087.11 NaN
973667 -996562 83148.71 NaN
973667 -996562 54938.90 NaN
973667 -996562 52743.30 NaN
973667 -996562 31367.55 NaN
973667 -996562 6171.78 NaN
973667 -996562 31243.88 NaN
973667 -996562 5303.15 NaN
973667 -996562 21398.09 NaN
973667 -996562 13671.42 NaN
973667 -996562 33667.73 NaN
973667 -996562 26243.24 NaN
973667 -996562 12785.79 NaN
973667 -996562 3205.00 NaN
