-910620
-529943
808544
444183
-846738
899649
851635
-253781
-171967
348349
231569
717247
-532501
241365
-523755
-753298
-712251
-457246
26581
251727
10411
-562729
-607278
145049
519955
-993096
25346
195124
895230
78411
24367
-605078
68484
242795
-530140
26953
-510914
-610973
-660817
349104
-380767
178152
425459
-129540
848755
-171388
717957
-816836
489677
427706
-915849
51159
662316
828388
-705693
-957253
529762
-765675
316630
879677
295335
-580645
438492
348558
362496
538195
-757673
977394
798643
-744309
99687
199930
-575959
-190817
850199
-531584
-100176
-978842
804706
830617
421465
-116393
-366756
-186060
666092
-771796
-249843
767750
762297
-333346
-810386
-618507
-920827
191893
548112
914043
151919
-677458
-41658
-725673
830289
487746
768774
703235
-747579
587392
288725
-104732
281904
-91333
-527052
271661
-155680
650689
-733315
-594223
413509
40112
-803208
259472
-400387
-436659
953021
185925
62779
862624
-733579
964285
-892101
-218243
528066
-410553
-504890
746679
-414100
228026
-145296
-450210
620596
-343543
769069
-101321
-330155
-872253
906023
-199179
250362
-761890
-364282
-516068
-268876
-164582
-422251
97520
-799534
-91108
-553851
-822945
889502
503512
-777853
-555186
-247624
-164663
-595591
973552
584809
638440
-320500
438367
-74214
774714
260994
-649934
334823
-161885
-69917
-313028
-766765
-385558
-821598
-314892
449184
762390
122237
691463
-539553
935547
118221
612384
738545
-423315
-100791
-330159
90727
-914390
189001
993417
300291
16150
562531
594585
-106702
-346111
-182392
-788087
850143
953753
-194822
327832
-131673
-459672
-776965
389654
-865657
-260738
-716934
38921
693261
642261
-611464
791677
99488
577567
121225
-960174
993368
705038
390673
-550734
-424016
697834
143156
-107116
971641
712161
-926408
-265692
-914750
-931201
968260
-736300
877688
-178503
713087
-318768
302774
-401765
-935859
-295563
884338
384939
241780
594866
-771213
490376
877369
-930182
-906989
-823312
-747338
-554825
-696347
357074
956512
-340702
60613
-524030
-151181
-383905
154471
-991122
359868
-507035
590647
-806154
-964344
585067
-906689
-189148
-948676
746925
120595
-397503
119886
561845
-883655
-929803
927486
-499093
-926306
-350771
312482
-348802
-766236
505747
401098
-353163
-454694
433689
