-376261
-637800
-77688
-724116
733637
91879
85523
74323
605973
-230213
866502
-59525
-905185
-257307
238810
-344979
-685276
-161087
869367
-340762
167162
946458
-626958
-635325
-381229
380003
-508747
241117
361232
-340117
628752
765087
99382
990729
-31317
-354972
-813322
-180660
-668297
-169370
-623274
998853
402886
947099
601759
-241067
-510325
592908
-803492
-67675
500573
-908533
794156
719723
-639784
887048
-280842
-13946
-652689
898975
-797998
49571
261851
210839
144150
-130089
-798893
-769902
-706099
189451
832750
-621756
304628
-763551
-531432
816408
662113
-973207
-951232
712170
-236256
-74540
-931786
986183
-545751
660161
309099
511812
-974511
494899
-306605
742379
-387213
-915860
-278272
-26783
148623
958601
314810
-509894
