-495059
749313
459354
1812
561785
708606
-173974
285577
-874559
817060
-974274
718857
438649
-614032
-692543
767246
38861
-404389
-395062
-920071
-250632
731879
-726398
-412134
-735539
560520
-270151
-418835
-805390
831224
362208
-196817
426826
-636442
-671007
-154820
-406052
-914764
-179476
251882
948093
-267151
-750774
908820
-350663
-927821
742530
-796157
951082
-49247
854161
-72011
-699549
-936849
863206
-18503
656414
-700751
259413
-842598
207788
-46063
753449
123369
850648
-465944
-876955
-149824
270928
-282553
-706678
-224460
-730665
664937
-603737
