624548
-200862
229750
921804
487347
-369495
-135475
-909982
-44642
-731794
-627216
95298
162877
-207464
-595768
-190911
-320358
913979
520382
-825709
501796
62753
606532
153172
-377174
308586
874450
169432
-415511
-332077
857642
-803348
-664327
44925
591037
118003
506799
394191
733609
-700394
27026
-625430
-801316
798233
-309136
-860515
-383914
451330
-296474
-691210
263376
801305
96018
-736157
200651
364746
173111
389208
724658
309755
966226
627028
-731105
-188976
288232
-368017
475959
559515
-581498
-750265
-795155
-795424
-64696
419634
-53377
-693268
-520952
-351277
-587191
-964606
851337
-290302
-169791
239099
-497314
633702
371626
646069
-194105
407801
-519305
231859
-392208
527534
534821
664212
-329113
-228819
-483355
669284
-330139
209286
277234
967555
364714
-247522
421012
-206638
528325
-550717
586820
689100
278619
-743280
-500541
809885
-20641
117661
-662980
976719
-564028
-381036
-169196
-803633
-486125
615879
634670
282864
-9641
-738999
-420626
-160315
-334124
481300
-996784
203668
-925252
334630
-131112
358547
-516826
746304
689898
738309
-211927
-770290
-912746
-827216
-332771
-363489
11583
496665
18487
-132775
-290218
-91720
748590
-946054
738133
-897378
940454
-893150
414427
985565
-852874
803672
-298341
794939
-939843
352337
-27823
911043
845008
781858
608488
-233124
139899
441027
432946
506278
524986
-567333
223331
8775
682879
-487324
-739001
-75182
641111
-348042
919448
572863
761310
485910
443844
-625468
352421
-150124
42444
560378
